position:      24.1552 19.8936 23.0464
orientation:   -0.226231 0.394898 0.130496 0.880821
field_of_view: 0.785398
